First hidden layer weights gradient: 
 tensor([[-0.0028,  0.0071, -0.0034, -0.0120, -0.0009, -0.0063, -0.0078, -0.0040,
          0.0051,  0.0050],
        [-0.0043,  0.0110, -0.0053, -0.0185, -0.0015, -0.0097, -0.0121, -0.0062,
          0.0080,  0.0078]], grad_fn=<MmBackward>)
First hidden layer bias gradient: 
 tensor([[-0.0056,  0.0143, -0.0069, -0.0241, -0.0019, -0.0126, -0.0158, -0.0081,
          0.0104,  0.0102]], grad_fn=<MulBackward0>)
Second hidden layer weight gradient:
 tensor([[-0.0402,  0.0034,  0.0420,  0.0224, -0.0303,  0.0003,  0.0236,  0.0363,
          0.0421,  0.0394],
        [-0.0839,  0.0072,  0.0875,  0.0468, -0.0631,  0.0006,  0.0492,  0.0757,
          0.0879,  0.0823],
        [-0.0766,  0.0066,  0.0799,  0.0427, -0.0577,  0.0006,  0.0449,  0.0691,
          0.0803,  0.0751],
        [-0.0726,  0.0062,  0.0758,  0.0405, -0.0546,  0.0006,  0.0426,  0.0655,
          0.0761,  0.0712],
        [-0.0804,  0.0069,  0.0839,  0.0448, -0.0605,  0.0006,  0.0472,  0.0725,
          0.0842,  0.0788],
        [-0.0273,  0.0023,  0.0285,  0.0152, -0.0206,  0.0002,  0.0160,  0.0246,
          0.0286,  0.0268],
        [-0.0480,  0.0041,  0.0501,  0.0268, -0.0361,  0.0004,  0.0281,  0.0433,
          0.0503,  0.0471],
        [-0.0759,  0.0065,  0.0791,  0.0423, -0.0571,  0.0006,  0.0445,  0.0684,
          0.0794,  0.0744],
        [-0.0426,  0.0036,  0.0445,  0.0238, -0.0321,  0.0003,  0.0250,  0.0384,
          0.0446,  0.0418],
        [-0.1019,  0.0087,  0.1062,  0.0568, -0.0766,  0.0008,  0.0597,  0.0918,
          0.1067,  0.0998]], grad_fn=<MmBackward>)
Second hidden layer bias gradient: 
 tensor([[-0.1329,  0.0114,  0.1386,  0.0740, -0.0999,  0.0010,  0.0779,  0.1198,
          0.1391,  0.1302]], grad_fn=<MulBackward0>)
Output layer bias gradient: 
 tensor([[-1.9866]], grad_fn=<MulBackward0>)
Output layer weight gradient: 
 tensor([[-0.6655],
        [-0.9934],
        [-1.1257],
        [-1.0672],
        [-1.2474],
        [-0.9371],
        [-1.0377],
        [-0.9244],
        [-1.2230],
        [-0.8619]], grad_fn=<MmBackward>)
tensor([[-0.5751]], grad_fn=<AddBackward0>)